BP_like_5J_learned_bias:
  H1_E_Input_E_init_weight_scale: 2.655152668731997
  H2_E_H1_E_init_weight_scale: 2.2522866159254504
  H_E_E_learning_rate: 0.05927861939540718
  H1_E_H2_E_weight_scale: 0.14181701464799543
  H2_E_Output_E_weight_scale: 0.18484003982009115
  H1_E_H1_SomaI_init_weight_scale: 1.3762007882059437
  H1_SomaI_H1_E_init_weight_scale: 2.1972305582784166
  H1_SomaI_Input_E_init_weight_scale: 4.83064121308908
  H1_SomaI_H1_SomaI_init_weight_scale: 2.7222637890950936
  H_E_DendI_learning_rate: 0.23902813453592464
  H1_E_H1_DendI_init_weight_scale: 3.959688885606248
  H1_DendI_H1_E_weight_scale: 7.813207117600416
  H1_DendI_H1_DendI_weight_scale: 0.7259837208639783
  H2_E_H2_SomaI_init_weight_scale: 3.40298304433799
  H2_SomaI_H2_E_init_weight_scale: 0.38275746755229534
  H2_SomaI_H1_E_init_weight_scale: 1.4496403536677636
  H2_SomaI_H2_SomaI_init_weight_scale: 2.0970014237889494
  H2_E_H2_DendI_init_weight_scale: 3.1392241660884075
  H2_DendI_H2_E_weight_scale: 7.0087851561572
  H2_DendI_H2_DendI_weight_scale: 0.9634022056340105
  Output_E_H2_E_init_weight_scale: 8.660870512439395
  DendI_E_learning_rate: 0.23112958577442733
  DendI_DendI_learning_rate: 0.1091450919272502
  Output_E_H2_E_learning_rate: 0.11152115625857616
  Output_E_Output_I_init_weight_scale: 0.8170014093520563
  Output_I_Output_E_init_weight_scale: 0.029497220727730422
  Output_I_H2_E_init_weight_scale: 0.4447950558762553
  Output_I_Output_I_init_weight_scale: 2.3373441240654764
  H1_E_bias_learning_rate: 0.03275126839265602
  H2_E_bias_learning_rate: 0.013977854661972704
  Output_E_bias_learning_rate: 0.015316572622116683
  # features:
  # accuracy: 84.3899917602539
  # dynamics_residuals: 0.0
  # loss: 0.07705079764127731
  # mean_forward_dend_loss: 0.0507891371846199

# mpiexec -n 3 python -i -m mpi4py.futures -m  nested.analyze --config-file-path=optimize/optimize_config/spiral/nested_optimize_EIANN_2_hidden_BP_like_5J_learned_bias.yaml --disp --num_instances=2 --framework=mpi --model-key=BP_like_5J_learned_bias --interactive --param-file-path=optimize/optimize_params/spiral/20241206_2_hidden_spiral_BP_like_5J_learned_bias_params.yaml --export_network_config_file_path=network_config/spiral/EIANN_2_hidden_spiral_BP_like_5J_learned_bias --export
