dend_EI_contrast_fixed_bias:
    #    accuracy: 94.65666198730469
    #    loss: 0.038058340549468994
    #    mean_forward_dend_loss: 0.0067453010007739065
    H1_E_Input_E_learning_rate: 0.2456298781576449
    H1_E_H1_E_learning_rate: 0.2030527432885036
    H1_E_H2_E_weight_scale: 0.01140447075341817
    H2_E_H2_E_learning_rate: 0.22487600456347123
    H2_E_Output_E_weight_scale: 0.12370737050591936
    Output_E_H2_E_learning_rate: 0.0500490639838144
