BP_like_5J_fixed_bias:
  H1_E_Input_E_init_weight_scale: 2.690303762957492
  H2_E_H1_E_init_weight_scale: 2.393859445643422
  H_E_E_learning_rate: 0.062331233585896956
  H1_E_H2_E_weight_scale: 0.03206643296959062
  H2_E_Output_E_weight_scale: 0.17151843742461192
  H1_E_H1_SomaI_init_weight_scale: 1.324102262234007
  H1_SomaI_H1_E_init_weight_scale: 2.317707594196894
  H1_SomaI_Input_E_init_weight_scale: 4.763243794694925
  H1_SomaI_H1_SomaI_init_weight_scale: 2.709371370447958
  H_E_DendI_learning_rate: 0.23918339264985286
  H1_E_H1_DendI_init_weight_scale: 3.9879675588090406
  H1_DendI_H1_E_weight_scale: 7.846495088949281
  H1_DendI_H1_DendI_weight_scale: 0.8459088134536445
  H2_E_H2_SomaI_init_weight_scale: 3.366059582926033
  H2_SomaI_H2_E_init_weight_scale: 0.4627583174814284
  H2_SomaI_H1_E_init_weight_scale: 1.5063150975490223
  H2_SomaI_H2_SomaI_init_weight_scale: 2.3052619791271427
  H2_E_H2_DendI_init_weight_scale: 3.169549113106818
  H2_DendI_H2_E_weight_scale: 6.945505286306374
  H2_DendI_H2_DendI_weight_scale: 0.8134971461522151
  Output_E_H2_E_init_weight_scale: 8.66216532440105
  DendI_E_learning_rate: 0.22160968396201852
  DendI_DendI_learning_rate: 0.12223801964378715
  Output_E_H2_E_learning_rate: 0.10926838378044973
  Output_E_Output_I_init_weight_scale: 0.9495776730367129
  Output_I_Output_E_init_weight_scale: 0.20024448234976977
  Output_I_H2_E_init_weight_scale: 0.4587011470780067
  Output_I_Output_I_init_weight_scale: 2.468979250006341
  # features:
  # accuracy: 85.1500015258789
  # dynamics_residuals: 0.0
  # loss: 0.07929886877536774
  # mean_forward_dend_loss: 0.015182169713079929

# mpiexec -n 3 python -i -m mpi4py.futures -m  nested.analyze --config-file-path=optimize/optimize_config/spiral/nested_optimize_EIANN_2_hidden_BP_like_5J_fixed_bias.yaml --disp --num_instances=2 --framework=mpi --model-key=BP_like_5J_fixed_bias --interactive --param-file-path=optimize/optimize_params/spiral/20241203_2_hidden_spiral_BP_like_5J_fixed_bias_params.yaml --export_network_config_file_path=network_config/spiral/EIANN_2_hidden_spiral_BP_like_5J_fixed_bias --export