vanilla_bp_softplus:
    # accuracy: 93.7527
    learning_rate: 0.2567150144514216
    softplus_beta: 13.407655301640798
BTSP_D1:
    # with constrain_equilibration_dynamics on
    # accuracy: 83.1718
    BTSP_neg_loss_ET_discount: 0.0534906263219985
    FB_BTSP_init_weight_factor: 0.40154539810686335
    FF_BTSP_init_weight_factor: 0.014329974669793879
    H1_Dend_I_H1_E_weight_scale: 2.3851016457827776
    H1_E_H1_Dend_I_init_weight_scale: 0.4523107218215882
    H1_E_H1_FBI_weight_scale: 2.2996817776123324
    H1_E_H2_E_max_weight_scale: 4.008413186584808
    H1_E_Input_E_max_weight_scale: 1.1906834645675937
    H1_FBI_H1_E_weight_scale: 1.2120691289872523
    H2_Dend_I_H2_E_weight_scale: 1.4912986453968549
    H2_E_H1_E_max_weight_scale: 5.125665002272786
    H2_E_H2_Dend_I_init_weight_scale: 1.6107161524962623
    H2_E_H2_FBI_weight_scale: 0.27745166028431517
    H2_E_Output_E_max_weight_scale: 7.248468033560874
    H2_FBI_H2_E_weight_scale: 0.3506970527086261
    H_E_BTSP_neg_loss_th: -0.33108911832223603
    H_E_BTSP_pos_loss_th: 0.09033754072696916
    H_E_FB_BTSP_learning_rate: 0.08354916265311345
    H_E_FF_BTSP_learning_rate: 0.0034455716971136755
    H_E_H_Dend_I_learning_rate: 0.11339919783741326
    Output_E_BTSP_learning_rate: 0.005589838418007628
    Output_E_BTSP_neg_loss_th: -0.07926867304354387
    Output_E_BTSP_pos_loss_th: 0.16395047825606154
    Output_E_H2_E_max_weight_scale: 11.877004796419941
    Output_E_Output_FBI_weight_scale: 1.4421648104944618
    Output_FBI_Output_E_weight_scale: 1.2896049952374775

Supervised_Gjorgjieva_Hebb_C:
    # accuracy: 76.2547
    E_I_learning_rate: 0.003945783655116025
    H1_E_H1_FBI_weight_scale: 1.8408297252967876
    H1_E_Input_E_weight_scale: 0.304902330974506
    H1_FBI_H1_E_weight_scale: 5.465900227022811
    H1_FBI_H1_FBI_weight_scale: 3.0998366294547735
    H2_E_H1_E_weight_scale: 0.7157622660889523
    H2_E_H2_FBI_weight_scale: 1.5509930894001198
    H2_FBI_H2_E_weight_scale: 0.9290196872773085
    H2_FBI_H2_FBI_weight_scale: 6.742219241625705
    H_E_E_learning_rate: 0.16294299218271485
    H_FBI_size: 50.0
    I_E_learning_rate: 0.06438353401241853
    I_I_learning_rate: 0.18458067918870796
    Output_E_E_learning_rate: 0.1570222949821198
    Output_E_H2_E_weight_scale: 1.9372187830517282
    Output_E_Output_FBI_weight_scale: 4.67528452136093
    Output_FBI_Output_E_weight_scale: 0.4471133687408101
    Output_FBI_Output_FBI_weight_scale: 2.768978319367717
    Output_FBI_size: 10.0

bpDale_B:
    # accuracy: 91.1864
    E_E_learning_rate: 0.44635487963641324
    E_I_learning_rate: 0.0012427172180431198
    H1_E_H1_FBI_init_weight_scale: 1.353083933284998
    H1_E_Input_E_init_weight_scale: 1.3163188157046832
    H1_FBI_H1_E_init_weight_scale: 0.35817563835122607
    H2_E_H1_E_init_weight_scale: 0.36287009817311566
    H2_E_H2_FBI_init_weight_scale: 0.3629862608110004
    H2_FBI_H2_E_init_weight_scale: 0.5617989659774515
    H_FBI_size: 50.0
    I_E_learning_rate: 0.042524715360303805
    Output_E_H2_E_init_weight_scale: 0.5901119221069434
    Output_E_Output_FBI_init_weight_scale: 0.7506589219919021
    Output_FBI_Output_E_init_weight_scale: 0.24352448204860438
    Output_FBI_size: 10.0
    softplus_beta: 74.120540162454
