BTSP_D:
    FBI_E_weight: 1.0
    FB_BTSP_max_init_weight_factor: 1.7332552147609976
    FB_BTSP_min_init_weight_factor: 0.23627853420516676
    FF_BTSP_max_init_weight_factor: 0.14933762086546284
    H1_E_BTSP_neg_loss_th: -0.3286811033799936
    H1_E_BTSP_pos_loss_th: 0.09784687841043647
    H1_E_H1_FBI_weight: -0.1320454234508166
    H1_E_H1_Dend_I_init_weight_scale: 0.15693539946852347
    H1_E_H1_Dend_I_learning_rate: 0.17678741629227127
    H1_E_Input_E_BTSP_learning_rate: 0.007971513519070807
    H1_E_Input_E_max_weight: 2.6271244086908077
    H1_E_Output_E_BTSP_learning_rate: 0.12158604517445257
    H1_E_Output_E_max_weight: 3.188187856987675
    H1_Dend_I_H1_E_learning_rate: 0.12088626416087091
    H1_Dend_I_H1_E_weight_scale: 1.6031850794519455
    H1_Dend_I_H1_Dend_I_learning_rate: 0.049197464356146144
    H1_Dend_I_H1_Dend_I_weight_scale: 1.6417419993432327
    Output_E_BTSP_learning_rate: 0.11277464693344395
    Output_E_BTSP_neg_loss_th: -0.386039824588577
    Output_E_BTSP_pos_loss_th: 0.06431319592892012
    Output_E_H1_E_max_weight: 4.006206567051037
    Output_E_Output_FBI_weight: -3.002765663599449
BTSP_C2:
    FB_BTSP_init_weight_factor: 0.5863689750579331
    FF_BTSP_init_weight_factor: 0.9929282873182401
    H1_Dend_I_H1_E_weight_scale: 0.9476311289980416
    H1_E_BTSP_neg_loss_th: -0.2719730149737621
    H1_E_BTSP_pos_loss_th: 0.11776929068440788
    H1_E_H1_Dend_I_init_weight_scale: 2.5792334663562873
    H1_E_H1_Dend_I_learning_rate: 0.1195153804180161
    H1_E_H1_FBI_weight_scale: 0.04195718619835708
    H1_E_Input_E_BTSP_learning_rate: 0.07614783576486978
    H1_E_Input_E_max_weight_scale: 4.9928459248793065
    H1_E_Output_E_BTSP_learning_rate: 0.1379730680669817
    H1_E_Output_E_max_weight_scale: 0.07393489412664309
    H1_FBI_H1_E_weight_scale: 1.4196114483224784
    Output_E_BTSP_learning_rate: 0.006008894132482159
    Output_E_BTSP_neg_loss_th: -0.15597761076496408
    Output_E_BTSP_pos_loss_th: 0.44905931014553746
    Output_E_H1_E_max_weight_scale: 4.969040519968806
    Output_E_Output_FBI_weight_scale: 1.4564227723940446
    Output_FBI_Output_E_weight_scale: 0.7427511142941149