BTSP_A:
  FBI_E_weight: 1.0
  FB_BTSP_max_init_weight_factor: 1.8945973724294913
  FB_BTSP_min_init_weight_factor: 0.6420790121486105
  FF_BTSP_max_init_weight_factor: 0.1630200696925033
  H1_E_BTSP_learning_rate: 0.010365414457039387
  H1_E_BTSP_neg_loss_th: -0.21626037327313027
  H1_E_BTSP_pos_loss_th: 0.18044591251994935
  H1_E_H1_FBI_weight: -0.22348390576709928
  H1_E_H1_I_dend_init_weight: -0.6852930519780757
  H1_E_H1_I_dend_learning_rate: 0.02366760193152173
  H1_E_Input_E_max_weight: 3.0544719559073297
  H1_E_Output_E_max_weight: 3.648300667977972
  H1_I_dend_H1_E_weight: 1.0
  Output_E_BTSP_learning_rate: 0.01008384410972111
  Output_E_BTSP_neg_loss_th: -0.09650058310782508
  Output_E_BTSP_pos_loss_th: 0.305654476576947
  Output_E_H1_E_max_weight: 4.455446468866057
  Output_E_Output_FBI_weight: -2.923078353697012
Gjorgieva_Hebb_A:
  E_E_learning_rate: 0.29434780488671874
  E_I_learning_rate: 0.11205994529904711
  H1_E_H1_FBI_weight_scale: 1.301412672000941
  H1_E_Input_E_weight_scale: 9.48517424257211
  H1_FBI_H1_E_weight_scale: 2.9882012251682943
  H1_FBI_H1_FBI_weight_scale: 7.3406424124335174
  I_E_learning_rate: 0.4840460345190343
  I_I_learning_rate: 0.19840532653703197
  Output_E_H1_E_weight_scale: 5.36355008130285
  Output_E_Output_FBI_weight_scale: 9.334091380215222
  Output_FBI_Output_E_weight_scale: 8.229265739454137
  Output_FBI_Output_FBI_weight_scale: 0.25475779357057554
Gjorgieva_anti_Hebb_A:
  E_E_learning_rate: 0.05873536680201883
  E_I_learning_rate: 0.03808134450452623
  H1_E_H1_FBI_weight_scale: 0.19549919725544226
  H1_E_Input_E_weight_scale: 3.8155342445273126
  H1_FBI_H1_E_weight_scale: 0.8268940218655617
  H1_FBI_H1_FBI_weight_scale: 1.461121158253515
  I_E_learning_rate: 0.12975357196655762
  I_I_learning_rate: 0.09491226819817664
  Output_E_H1_E_weight_scale: 6.346443006580834
  Output_E_Output_FBI_weight_scale: 8.407874590885699
  Output_FBI_Output_E_weight_scale: 3.493793277418733
  Output_FBI_Output_FBI_weight_scale: 0.11111962741993246
Gjorgieva_anti_Hebb_B:
  E_E_learning_rate: 0.25443478846663425
  E_I_learning_rate: 0.0016030535397002345
  H1_E_H1_FBI_weight_scale: 0.5060795025698207
  H1_E_Input_E_weight_scale: 4.575958783810474
  H1_FBI_H1_E_weight_scale: 0.3642072687590516
  H1_FBI_H1_FBI_weight_scale: 1.6933679168092783
  I_E_learning_rate: 0.010018337311245601
  I_I_learning_rate: 0.032014786757987516
  Output_E_H1_E_weight_scale: 3.4525204297340637
  Output_E_Output_FBI_weight_scale: 8.075861412856131
  Output_FBI_Output_E_weight_scale: 6.074478663380149
  Output_FBI_Output_FBI_weight_scale: 0.1687297869686956
backprop_relu_SGD:
  learning_rate: 5.10704163415626
backprop_softplus_SGD:
  learning_rate: 9.99980526071132
  softplus_beta: 99.78563100135408
vanilla_backprop_softplus_SGD:
  learning_rate: 5.
  softplus_beta: 10.
vanilla_backprop_relu_SGD:
  learning_rate: 5.