test_bpDale_F:
    # accuracy: 94.9597
    E_E_learning_rate: 0.215559448667304
    E_I_learning_rate: 0.0026149854534126722
    H1_E_H1_I_init_weight_scale: 2.6100372902368116
    H1_E_Input_E_init_weight_scale: 1.3946524860671066
    H1_I_H1_E_init_weight_scale: 0.4713348586741817
    H1_I_H1_I_init_weight_scale: 3.117809602677552
    H1_I_Input_E_init_weight_scale: 1.2631700563290804
    H_I_size: 7
    I_E_learning_rate: 0.18055033255571856
    I_I_learning_rate: 0.0004293553235942274
    Output_E_H1_E_init_weight_scale: 0.45252326709233986
    Output_E_Output_I_init_weight_scale: 0.5020033450838103
    Output_I_H1_E_init_weight_scale: 0.39650489698489216
    Output_I_Output_E_init_weight_scale: 0.3097041376584422
    Output_I_Output_I_init_weight_scale: 0.04787954553985202
    Output_I_size: 7
    softplus_beta: 40.37659035816862