BTSP_Clone_Dend_I_1:
    # broken - H1_FBI_H1_E_weight_scale was ignored
    BTSP_neg_loss_ET_discount: 0.1137781684039244
    FB_BTSP_init_weight_factor: 0.48530350411137174
    FF_BTSP_init_weight_factor: 0.018072487174228675
    H1_E_BTSP_neg_loss_th: -0.3115784745811361
    H1_E_BTSP_pos_loss_th: 0.40288753304951785
    H1_E_H1_FBI_weight_scale: 0.23401574954740892
    H1_E_Input_E_BTSP_learning_rate: 0.0061631451138618515
    H1_E_Input_E_max_weight_scale: 3.8568670723991723
    H1_E_Output_E_BTSP_learning_rate: 0.02179452423473909
    H1_E_Output_E_max_weight_scale: 3.9104570133702206
    H1_FBI_H1_E_weight_scale: 1.2445201122750538
    Output_E_BTSP_learning_rate: 0.01193082626360864
    Output_E_BTSP_neg_loss_th: -0.46082182167808045
    Output_E_BTSP_pos_loss_th: 0.4985484853725664
    Output_E_H1_E_max_weight_scale: 2.162581270875786
    Output_E_Output_FBI_weight_scale: 0.7343906024644935
    Output_FBI_Output_E_weight_scale: 0.6709294587759165
Supervised_Gjorgjieva_Hebb_C:
    # no equilibration constraint
    # accuracy: 71.606995
    E_I_learning_rate: 0.2514575767876125
    H1_E_H1_FBI_weight_scale: 0.7040352845848648
    H1_E_Input_E_learning_rate: 0.0018860396562151121
    H1_E_Input_E_weight_scale: 0.19146687388500327
    H1_FBI_H1_E_weight_scale: 0.7230011927045991
    H1_FBI_H1_FBI_weight_scale: 0.6451660412343452
    H1_FBI_size: 50.0
    I_E_learning_rate: 0.20961786889934966
    I_I_learning_rate: 0.06677743380693181
    Output_E_H1_E_learning_rate: 0.5384919091718768
    Output_E_H1_E_weight_scale: 1.0525765323079104
    Output_E_Output_FBI_weight_scale: 0.43097675937320046
    Output_FBI_Output_E_weight_scale: 3.386978514311345
    Output_FBI_Output_FBI_weight_scale: 0.13403861091253574
    Output_FBI_size: 10.0
BTSP_Clone_Dend_I_3:
    # H1.E is quite sparse
    BTSP_neg_loss_ET_discount: 0.06566078458151964
    FB_BTSP_init_weight_factor: 0.17900323135089483
    FF_BTSP_init_weight_factor: 0.034955396381459815
    H1_E_BTSP_neg_loss_th: -0.10907327378160911
    H1_E_BTSP_pos_loss_th: 0.11520021233656713
    H1_E_H1_FBI_weight_scale: 5.156451092291273
    H1_E_Input_E_BTSP_learning_rate: 0.01730445466592013
    H1_E_Input_E_max_weight_scale: 6.630690101534002
    H1_E_Output_E_BTSP_learning_rate: 0.008449820648555392
    H1_E_Output_E_max_weight_scale: 5.352950247999227
    H1_FBI_H1_E_weight_scale: 0.48487117516542894
    Output_E_BTSP_learning_rate: 0.001451017637863879
    Output_E_BTSP_neg_loss_th: -0.42782516750820765
    Output_E_BTSP_pos_loss_th: 0.37534000157923747
    Output_E_H1_E_max_weight_scale: 3.19753333574529
    Output_E_Output_FBI_weight_scale: 3.4314124618843724
    Output_FBI_Output_E_weight_scale: 1.2366528506621228
bpDale_A:
    E_E_learning_rate: 0.3905827598087813
    E_I_learning_rate: 0.008001383903024366
    H1_FBI_size: 50.0
    I_E_learning_rate: 0.00013654399551975743
    Output_FBI_size: 10.0
    softplus_beta: 95.28786232460796
bpDale_E:
    # cheated and set half of the FBI cells to off, the rest to correlated with each other
    E_E_learning_rate: 0.31798979627037327
    E_I_learning_rate: 0.009741172911184424
    H1_FBI_size: 50.0
    I_E_learning_rate: 2.4363959525587067
    I_I_learning_rate: 0.18318220858902137
    Output_FBI_size: 10.0
    softplus_beta: 24.703778862732584