van_bp_softplus:
    # accuracy: 94.54869
    learning_rate: 0.13315131781400405
    softplus_beta: 45.610257237854945
bpDale_softplus_1_inh_A:
    # FBI only; accuracy: 90.2182
    E_E_learning_rate: 0.19105689160073294
    E_I_learning_rate: 0.8089430564338643
    H1_FBI_size: 1.0
    I_E_learning_rate: 0.006432662300895249
    Output_FBI_size: 1.0
    softplus_beta: 41.57675861592806
Gjorgjieva_Hebb_1_inh_A:
    # no equilibration constraint
    # FBI only; accuracy: 30.5487
    H1_E_H1_FBI_weight_scale: 2.6120078171942684
    H1_E_Input_E_learning_rate: 0.035571099984032274
    H1_E_Input_E_weight_scale: 0.2126887592949053
    H1_FBI_H1_E_weight_scale: 2.018002620142296
    Output_E_H1_E_learning_rate: 0.05023103816033202
    Output_E_H1_E_weight_scale: 0.3101232842851448
    Output_E_Output_FBI_weight_scale: 3.1907697777968838
    Output_FBI_Output_E_weight_scale: 1.4353712618759047
Supervised_Gjorgjieva_Hebb_1_inh_B:
    # no equilibration constraint
    # accuracy: 40.3205
    H1_E_H1_FBI_weight_scale: 1.9641937811198766
    H1_E_Input_E_learning_rate: 0.013935117859586003
    H1_E_Input_E_weight_scale: 0.1372733284070477
    H1_FBI_H1_E_weight_scale: 2.8009676123227853
    Output_E_H1_E_learning_rate: 0.05561328494128837
    Output_E_H1_E_weight_scale: 0.5993884509607016
    Output_E_Output_FBI_weight_scale: 2.3165356781602267
    Output_FBI_Output_E_weight_scale: 2.0975544300192093
BTSP_D1:
    # accuracy: 87.828995
    BTSP_neg_loss_ET_discount: 0.09096472533667882
    FB_BTSP_init_weight_factor: 0.9719980864708379
    FF_BTSP_init_weight_factor: 0.013889941313286842
    H1_Dend_I_H1_E_weight_scale: 1.3991868203104851
    H1_E_BTSP_neg_loss_th: -0.35970549137778435
    H1_E_BTSP_pos_loss_th: 0.14354750931320523
    H1_E_H1_Dend_I_init_weight_scale: 2.274133635838758
    H1_E_H1_Dend_I_learning_rate: 0.04228728446644326
    H1_E_H1_FBI_weight_scale: 1.0833637933576639
    H1_E_Input_E_BTSP_learning_rate: 0.0426903709900178
    H1_E_Input_E_max_weight_scale: 0.6882036664496005
    H1_E_Output_E_BTSP_learning_rate: 0.015984685097548756
    H1_E_Output_E_max_weight_scale: 1.1190437912292455
    H1_FBI_H1_E_weight_scale: 0.9206386669309612
    Output_E_BTSP_learning_rate: 0.034692497050580445
    Output_E_BTSP_neg_loss_th: -0.3850179290301138
    Output_E_BTSP_pos_loss_th: 0.49985114928073665
    Output_E_H1_E_max_weight_scale: 11.80931422632662
    Output_E_Output_FBI_weight_scale: 1.46398941092602
    Output_FBI_Output_E_weight_scale: 0.25429227724377235
2_hidden_BTSP_D1_test:
    BTSP_neg_loss_ET_discount: 0.09096472533667882
    FB_BTSP_init_weight_factor: 0.9719980864708379
    FF_BTSP_init_weight_factor: 0.013889941313286842
    H1_Dend_I_H1_E_weight_scale: 1.3991868203104851
    H2_Dend_I_H2_E_weight_scale: 1.3991868203104851
    H_E_BTSP_neg_loss_th: -0.35970549137778435
    H_E_BTSP_pos_loss_th: 0.14354750931320523
    H1_E_H1_Dend_I_init_weight_scale: 2.274133635838758
    H2_E_H2_Dend_I_init_weight_scale: 2.274133635838758
    H_E_H_Dend_I_learning_rate: 0.04228728446644326
    H1_E_H1_FBI_weight_scale: 1.0833637933576639
    H2_E_H2_FBI_weight_scale: 1.0833637933576639
    H_E_FF_BTSP_learning_rate: 0.0426903709900178
    H1_E_Input_E_max_weight_scale: 0.6882036664496005
    H2_E_H1_E_max_weight_scale: 0.6882036664496005
    H_E_FB_BTSP_learning_rate: 0.015984685097548756
    H1_E_H2_E_max_weight_scale: 1.1190437912292455
    H2_E_Output_E_max_weight_scale: 1.1190437912292455
    H1_FBI_H1_E_weight_scale: 0.9206386669309612
    H2_FBI_H2_E_weight_scale: 0.9206386669309612
    Output_E_BTSP_learning_rate: 0.034692497050580445
    Output_E_BTSP_neg_loss_th: -0.3850179290301138
    Output_E_BTSP_pos_loss_th: 0.49985114928073665
    Output_E_H2_E_max_weight_scale: 11.80931422632662
    Output_E_Output_FBI_weight_scale: 1.46398941092602
    Output_FBI_Output_E_weight_scale: 0.25429227724377235
