BTSP_cont_J_test:
    # accuracy: 85.2772
    # loss: 0.052915066
    H1_E_Input_E_max_weight_scale: 16.00561644318528
    FF_BTSP_init_weight_factor: 0.08916570196737966
    H1_E_Input_E_BTSP_learning_rate: 0.018160439966566733
    H1_E_Output_E_BTSP_learning_rate: 0.06075037471606034
    H1_E_Output_E_max_weight_scale: 2.1973782320594903
    FB_BTSP_init_weight_factor: 0.439483395163116
    H1_E_H1_SomaI_init_weight_scale: 1.3923892446282582
    H1_SomaI_H1_E_init_weight_scale: 1.726341885814087
    H1_SomaI_Input_E_init_weight_scale: 3.1323451661647983
    H1_SomaI_H1_SomaI_init_weight_scale: 1.1412334546530327
    H1_E_H1_DendI_init_weight_scale: 0.9844534130878698
    H1_E_H1_DendI_learning_rate: 0.05002725472879729
    H1_DendI_H1_E_init_weight_scale: 4.287625322112064
    H1_DendI_H1_DendI_init_weight_scale: 1.1269371865046687
    Output_E_H1_E_max_weight_scale: 10.686371661870158
    Output_E_BTSP_learning_rate: 0.026863513667701597
    Output_E_Output_I_init_weight_scale: 0.6460572032390817
    Output_I_Output_E_init_weight_scale: 0.1441886966754191
    Output_I_H1_E_init_weight_scale: 0.6642671844340221
    Output_I_Output_I_init_weight_scale: 3.5369724625929218
    H1_I_size: 50.0
    Output_I_size: 10.0

