bpDale_softplus_1_inh_A:
    # FBI only; accuracy: 90.2182
    E_E_learning_rate: 0.19105689160073294
    E_I_learning_rate: 0.8089430564338643
    H1_FBI_size: 1.0
    I_E_learning_rate: 0.006432662300895249
    Output_FBI_size: 1.0
    softplus_beta: 41.57675861592806
bpDale_softplus_1_inh_B:
    # separate FFI and FBI cells; accuracy: 90.2921
    E_E_learning_rate: 0.39075725924206933
    E_I_learning_rate: 0.17533691558555456
    H1_I_size: 1.0
    I_E_learning_rate: 0.002489379585288198
    Output_I_size: 1.0
    softplus_beta: 13.210564283150388
bpDale_softplus_1_inh_C:
    # mixed FF/FB I; accuracy: 88.7937
    E_E_learning_rate: 0.44471841712525084
    E_I_learning_rate: 0.04489033345586521
    H1_I_size: 1.0
    I_E_learning_rate: 0.003263460906257934
    Output_I_size: 1.0
    softplus_beta: 12.006040341138764
bpDale_softplus_1_inh_D:
    # FFI only; accuracy: 82.732
    E_E_learning_rate: 0.21984701082368174
    E_I_learning_rate: 0.00041222974885101897
    H1_I_size: 1.0
    I_E_learning_rate: 0.00024105337949554612
    Output_I_size: 1.0
    softplus_beta: 8.161930670375083
Gjorgjieva_Hebb_1_inh_A:
    # FBI only; accuracy: 30.5487
    H1_E_H1_FBI_weight_scale: 2.6120078171942684
    H1_E_Input_E_learning_rate: 0.035571099984032274
    H1_E_Input_E_weight_scale: 0.2126887592949053
    H1_FBI_H1_E_weight_scale: 2.018002620142296
    Output_E_H1_E_learning_rate: 0.05023103816033202
    Output_E_H1_E_weight_scale: 0.3101232842851448
    Output_E_Output_FBI_weight_scale: 3.1907697777968838
    Output_FBI_Output_E_weight_scale: 1.4353712618759047
Gjorgjieva_Hebb_1_inh_D:
    # FFI only; accuracy: 13.9259
    H1_E_H1_FFI_weight_scale: 0.40398001128620586
    H1_E_Input_E_learning_rate: 0.00010198740248438715
    H1_E_Input_E_weight_scale: 0.20346347541917664
    H1_FFI_Input_E_weight_scale: 0.5953840880127657
    Output_E_H1_E_learning_rate: 0.003728179325190726
    Output_E_H1_E_weight_scale: 0.6202249719497805
    Output_E_Output_FFI_weight_scale: 0.6354301086931348
    Output_FFI_H1_E_weight_scale: 0.12944510594404351