van_bp_softplus:
    # accuracy: 94.54869
    learning_rate: 0.13315131781400405
    softplus_beta: 45.610257237854945
bpDale_softplus_A:
    # no equilibration constraint
    # accuracy = 91.30999755859375%
    E_E_learning_rate: 0.3905827598087813
    E_I_learning_rate: 0.008001383903024366
    H1_FBI_size: 50.0
    I_E_learning_rate: 0.00013654399551975743
    Output_FBI_size: 10.0
    softplus_beta: 95.28786232460796
Gjorgjieva_Hebb_C:
    # no equilibration constraint
    # accuracy: 45.611202
    E_I_learning_rate: 0.21788985208832293
    H1_E_H1_FBI_weight_scale: 2.425808522928677
    H1_E_Input_E_learning_rate: 0.01654879241950065
    H1_E_Input_E_weight_scale: 0.78456745610896
    H1_FBI_H1_E_weight_scale: 0.22996044324620546
    H1_FBI_H1_FBI_weight_scale: 0.6180931242589313
    H1_FBI_size: 50.0
    I_E_learning_rate: 0.07896476261519035
    I_I_learning_rate: 0.0889810946133562
    Output_E_H1_E_learning_rate: 0.06740199634351625
    Output_E_H1_E_weight_scale: 0.2778582983278187
    Output_E_Output_FBI_weight_scale: 0.44114563672299145
    Output_FBI_Output_E_weight_scale: 5.957441555841358
    Output_FBI_Output_FBI_weight_scale: 1.1465177588696547
    Output_FBI_size: 10.0
Supervised_Gjorgjieva_Hebb_C:
    # no equilibration constraint
    # accuracy: 71.606995
    E_I_learning_rate: 0.2514575767876125
    H1_E_H1_FBI_weight_scale: 0.7040352845848648
    H1_E_Input_E_learning_rate: 0.0018860396562151121
    H1_E_Input_E_weight_scale: 0.19146687388500327
    H1_FBI_H1_E_weight_scale: 0.7230011927045991
    H1_FBI_H1_FBI_weight_scale: 0.6451660412343452
    H1_FBI_size: 50.0
    I_E_learning_rate: 0.20961786889934966
    I_I_learning_rate: 0.06677743380693181
    Output_E_H1_E_learning_rate: 0.5384919091718768
    Output_E_H1_E_weight_scale: 1.0525765323079104
    Output_E_Output_FBI_weight_scale: 0.43097675937320046
    Output_FBI_Output_E_weight_scale: 3.386978514311345
    Output_FBI_Output_FBI_weight_scale: 0.13403861091253574
    Output_FBI_size: 10.0
BTSP_D1:
    # accuracy: 87.828995
    BTSP_neg_loss_ET_discount: 0.09096472533667882
    FB_BTSP_init_weight_factor: 0.9719980864708379
    FF_BTSP_init_weight_factor: 0.013889941313286842
    H1_Dend_I_H1_E_weight_scale: 1.3991868203104851
    H1_E_BTSP_neg_loss_th: -0.35970549137778435
    H1_E_BTSP_pos_loss_th: 0.14354750931320523
    H1_E_H1_Dend_I_init_weight_scale: 2.274133635838758
    H1_E_H1_Dend_I_learning_rate: 0.04228728446644326
    H1_E_H1_FBI_weight_scale: 1.0833637933576639
    H1_E_Input_E_BTSP_learning_rate: 0.0426903709900178
    H1_E_Input_E_max_weight_scale: 0.6882036664496005
    H1_E_Output_E_BTSP_learning_rate: 0.015984685097548756
    H1_E_Output_E_max_weight_scale: 1.1190437912292455
    H1_FBI_H1_E_weight_scale: 0.9206386669309612
    Output_E_BTSP_learning_rate: 0.034692497050580445
    Output_E_BTSP_neg_loss_th: -0.3850179290301138
    Output_E_BTSP_pos_loss_th: 0.49985114928073665
    Output_E_H1_E_max_weight_scale: 11.80931422632662
    Output_E_Output_FBI_weight_scale: 1.46398941092602
    Output_FBI_Output_E_weight_scale: 0.25429227724377235
