BTSP_C6:
    BTSP_neg_loss_ET_discount: 0.18868203369055508
    FB_BTSP_init_weight_factor: 0.927887119453748
    FF_BTSP_init_weight_factor: 0.016861003429778317
    H1_Dend_I_H1_E_weight_scale: 0.4333149544777424
    H1_E_BTSP_neg_loss_th: -0.2913061943443376
    H1_E_BTSP_pos_loss_th: 0.08556247063246507
    H1_E_H1_Dend_I_init_weight_scale: 3.13290438537399
    H1_E_H1_Dend_I_learning_rate: 0.06496906761704141
    H1_E_H1_FBI_weight_scale: 1.719143585132947
    H1_E_Input_E_BTSP_learning_rate: 0.09605623514047959
    H1_E_Input_E_max_weight_scale: 19.591175235882694
    H1_E_Output_E_BTSP_learning_rate: 0.07469092898232807
    H1_E_Output_E_max_weight_scale: 4.46665434594364
    H1_FBI_H1_E_weight_scale: 0.3741510664113673
    Output_E_BTSP_learning_rate: 0.029749499779681825
    Output_E_BTSP_neg_loss_th: -0.42064238872661563
    Output_E_BTSP_pos_loss_th: 0.1964687261211008
    Output_E_H1_E_max_weight_scale: 6.875390520801425
    Output_E_Output_FBI_weight_scale: 2.4420080938998483
    Output_FBI_Output_E_weight_scale: 5.178056156838824
BTSP_D1:
    BTSP_neg_loss_ET_discount: 0.26116426262770986
    FB_BTSP_init_weight_factor: 0.5601381085351538
    FF_BTSP_init_weight_factor: 0.010318147004625655
    H1_Dend_I_H1_E_weight_scale: 2.3108953524229148
    H1_E_BTSP_neg_loss_th: -0.35328891233218096
    H1_E_BTSP_pos_loss_th: 0.08734373901540847
    H1_E_H1_Dend_I_init_weight_scale: 3.7993678106469817
    H1_E_H1_Dend_I_learning_rate: 0.09415290230209968
    H1_E_H1_FBI_weight_scale: 0.29275189871594187
    H1_E_Input_E_BTSP_learning_rate: 0.049902612552077716
    H1_E_Input_E_max_weight_scale: 19.432391954269033
    H1_E_Output_E_BTSP_learning_rate: 0.13648646992145688
    H1_E_Output_E_max_weight_scale: 9.812545862025742
    H1_FBI_H1_E_weight_scale: 2.0225173162144148
    Output_E_BTSP_learning_rate: 0.0845515836254988
    Output_E_BTSP_neg_loss_th: -0.23995250417653402
    Output_E_BTSP_pos_loss_th: 0.25315069505417764
    Output_E_H1_E_max_weight_scale: 7.472661546334389
    Output_E_Output_FBI_weight_scale: 3.7904660167186335
    Output_FBI_Output_E_weight_scale: 3.8429408525633244
BTSP_Clone_Dend_I_3:
    BTSP_neg_loss_ET_discount: 0.05738991503785387
    FB_BTSP_init_weight_factor: 0.20703981117987505
    FF_BTSP_init_weight_factor: 0.01156976134562775
    H1_E_BTSP_neg_loss_th: -0.35884209262747113
    H1_E_BTSP_pos_loss_th: 0.11959030883490031
    H1_E_H1_FBI_weight_scale: 0.5244075648653452
    H1_E_Input_E_BTSP_learning_rate: 0.03748248558271514
    H1_E_Input_E_max_weight_scale: 18.335317410962087
    H1_E_Output_E_BTSP_learning_rate: 0.16301601104692212
    H1_E_Output_E_max_weight_scale: 13.268162281689671
    H1_FBI_H1_E_weight_scale: 0.3713437332479243
    Output_E_BTSP_learning_rate: 0.008150641774815877
    Output_E_BTSP_neg_loss_th: -0.14627951920179005
    Output_E_BTSP_pos_loss_th: 0.3137030983856045
    Output_E_H1_E_max_weight_scale: 6.127677383925536
    Output_E_Output_FBI_weight_scale: 1.6272614540849757
    Output_FBI_Output_E_weight_scale: 3.7409149443297687
BTSP_Clone_Dend_I_4:
    BTSP_neg_loss_ET_discount: 0.4619952916639698
    FB_BTSP_init_weight_factor: 0.4127645667869894
    FF_BTSP_init_weight_factor: 0.015795353667871097
    H1_E_BTSP_neg_loss_th: -0.054075745878204996
    H1_E_BTSP_pos_loss_th: 0.07443531546986164
    H1_E_H1_FBI_weight_scale: 0.5196080912666172
    H1_E_Input_E_BTSP_learning_rate: 0.051451846387444905
    H1_E_Input_E_max_weight_scale: 15.39812064538077
    H1_E_Output_E_BTSP_learning_rate: 0.09069384661139802
    H1_E_Output_E_max_weight_scale: 7.720444659912636
    H1_FBI_H1_E_weight_scale: 1.0346181850847613
    Output_E_BTSP_learning_rate: 0.027238938444217937
    Output_E_BTSP_neg_loss_th: -0.3677540788269766
    Output_E_BTSP_pos_loss_th: 0.05053736416539888
    Output_E_H1_E_max_weight_scale: 10.000349355315189
    Output_E_Output_FBI_weight_scale: 4.008005322036013
    Output_FBI_Output_E_weight_scale: 2.4759511221722956
