vanilla_backprop_softplus_SGD:
    # CL final_accuracy: 51.428577
    learning_rate: 5.
    softplus_beta: 10.
bpDale_1_inh_softplus:
    # 29% final autoenc_CL accuracy
    E_E_learning_rate: 9.99769696149066
    E_I_learning_rate: 9.92082657295738
    I_E_learning_rate: 9.999943142695821
    softplus_beta: 98.01406086685208
BTSP_D1:
    # accuracy: 100.0
    # CL final_accuracy: 87.61906
    BTSP_neg_loss_ET_discount: 0.26116426262770986
    FB_BTSP_init_weight_factor: 0.5601381085351538
    FF_BTSP_init_weight_factor: 0.010318147004625655
    H1_Dend_I_H1_E_weight_scale: 2.3108953524229148
    H1_E_BTSP_neg_loss_th: -0.35328891233218096
    H1_E_BTSP_pos_loss_th: 0.08734373901540847
    H1_E_H1_Dend_I_init_weight_scale: 3.7993678106469817
    H1_E_H1_Dend_I_learning_rate: 0.09415290230209968
    H1_E_H1_FBI_weight_scale: 0.29275189871594187
    H1_E_Input_E_BTSP_learning_rate: 0.049902612552077716
    H1_E_Input_E_max_weight_scale: 19.432391954269033
    H1_E_Output_E_BTSP_learning_rate: 0.13648646992145688
    H1_E_Output_E_max_weight_scale: 9.812545862025742
    H1_FBI_H1_E_weight_scale: 2.0225173162144148
    Output_E_BTSP_learning_rate: 0.0845515836254988
    Output_E_BTSP_neg_loss_th: -0.23995250417653402
    Output_E_BTSP_pos_loss_th: 0.25315069505417764
    Output_E_H1_E_max_weight_scale: 7.472661546334389
    Output_E_Output_FBI_weight_scale: 3.7904660167186335
    Output_FBI_Output_E_weight_scale: 3.8429408525633244
Supervised_Gjorgjieva_Hebb_1_inh_static_C:
    # accuracy: 92.20952
    # CL final_accuracy: 70.4762
    H1_E_H1_FBI_weight_scale: 0.3296294093703005
    H1_E_Input_E_learning_rate: 0.0023109858683253814
    H1_E_Input_E_weight_scale: 3.897551272339049
    H1_FBI_H1_E_weight_scale: 1.2746456631585945
    Output_E_H1_E_learning_rate: 0.10126898779781077
    Output_E_H1_E_weight_scale: 2.9713023199835846
    Output_E_Output_FBI_weight_scale: 3.7054736328724296
    Output_FBI_Output_E_weight_scale: 0.9753801227207254
Gjorgjieva_Hebb_1_inh_static_C:
    # accuracy: 60.51429
    H1_E_H1_FBI_weight_scale: 0.23384643382125886
    H1_E_Input_E_learning_rate: 0.07279581006784476
    H1_E_Input_E_weight_scale: 2.110067882400471
    H1_FBI_H1_E_weight_scale: 0.26676967200669455
    Output_E_H1_E_learning_rate: 0.3641385738630399
    Output_E_H1_E_weight_scale: 4.7791933374900495
    Output_E_Output_FBI_weight_scale: 3.0322208760957654
    Output_FBI_Output_E_weight_scale: 4.558176824211938
Gjorgjieva_Hebb_C:
    # 80% autoenc accuracy
    E_I_learning_rate: 0.3786727153452437
    H1_E_H1_FBI_weight_scale: 0.4816625693418726
    H1_E_Input_E_learning_rate: 0.25465177457345606
    H1_E_Input_E_weight_scale: 2.0010743121579004
    H1_FBI_H1_E_weight_scale: 2.700566339617599
    H1_FBI_H1_FBI_weight_scale: 4.829968385994635
    H1_FBI_size: 7.0
    I_E_learning_rate: 0.43530407326954623
    I_I_learning_rate: 0.11482751205962623
    Output_E_H1_E_learning_rate: 0.5150778754781282
    Output_E_H1_E_weight_scale: 8.166940544031512
    Output_E_Output_FBI_weight_scale: 7.161140637799249
    Output_FBI_Output_E_weight_scale: 3.885055613920668
    Output_FBI_Output_FBI_weight_scale: 0.2611915178763533
    Output_FBI_size: 7.0
Supervised_Gjorgjieva_Hebb_C:
    # 100% autoenc accuracy
    # 77% final autoenc_CL accuracy (phase2 0%)
    E_I_learning_rate: 0.08915801057118176
    H1_E_H1_FBI_weight_scale: 1.0130516003908077
    H1_E_Input_E_learning_rate: 0.027806816237176596
    H1_E_Input_E_weight_scale: 6.279900778766666
    H1_FBI_H1_E_weight_scale: 1.3892708878388462
    H1_FBI_H1_FBI_weight_scale: 4.8626043868802915
    H1_FBI_size: 7.0
    I_E_learning_rate: 0.11921699997839098
    I_I_learning_rate: 0.20684912832055066
    Output_E_H1_E_learning_rate: 0.030716245639041958
    Output_E_H1_E_weight_scale: 1.6080949646908016
    Output_E_Output_FBI_weight_scale: 3.141585388118573
    Output_FBI_Output_E_weight_scale: 2.59393042742306
    Output_FBI_Output_FBI_weight_scale: 0.4051025344896375
    Output_FBI_size: 7.0